100
2 1
100 20
200 10
2 2
100 20
200 10
3 2
100 10
100 10
100 10
4 2
9 3
7 1
10 1
8 4
5 3
303662 191027
121905 475843
141441 410119
151036 384065
280717 206641
3 2
21870 2934
25957 2244
221827 80
4 2
97475 319178
82037 379242
101049 307889
42620 729983
4 1
25501 2768
224718 29
27153 2328
20932 2356
4 3
326477 682186
146715 217536
456420 329468
411126 535804
3 1
634500 976384
846749 846303
520130 320399
3 2
37674 156948
38376 154077
12006 492492
9 5
911064 3933
24633 145464
186354 19228
204102 17556
14076 254562
120428 29754
112056 31977
4347 824296
14421 248472
3 2
17316 948822
200564 81918
292929 56088
5 2
3287 380524
3583 304121
14956 76
11305 74
3355 353238
4 1
89524 204635
209648 464816
851748 863871
639936 329990
9 6
3441 397712
16661 70
3186 302668
3008 330878
3608 395977
3225 351713
3478 306784
16688 48
3381 384538
6 2
23937 2603
21477 2885
266265 81
27188 2661
23352 2391
262807 63
5 3
25402 2764
21828 2117
207632 49
29201 2531
204011 21
5 1
3126 370461
15310 23
3123 322850
3996 321954
13847 28
10 10
1000000 1000000
1000000 1000000
1000000 1000000
1000000 1000000
1000000 1000000
1000000 1000000
1000000 1000000
1000000 1000000
1000000 1000000
1000000 1000000
2 1
13209 61
3214 370674
2 1
226516 69
20430 2415
7 4
135198 367908
598734 83076
148074 335916
942732 52762
202797 245272
591852 84042
453096 109779
8 2
3258 321822
3022 357313
11765 73
3661 399917
16300 2
3229 302584
3159 341409
3266 343844
3 1
553841 668273
441319 939975
666428 154865
5 3
254319 74
22044 2800
24184 2769
274276 88
27108 2679
10 7
24213 2779
22539 2003
24189 2804
27500 2673
276268 99
24789 2286
229278 95
29381 2449
29844 2902
217386 9
7 4
539847 17112
869364 10626
613893 15048
447051 20664
19437 475272
591261 15624
108376 85239
3 2
286713 40664
50184 232323
242424 48093
2 1
21684 2612
274608 89
2 1
25477 2436
240654 36
7 4
243048 25641
34188 182286
30888 201761
8778 709956
19188 324786
65436 95238
30932 201474
2 1
204176 5
29636 2654
6 4
978185 337040
834520 127282
69 350061
604395 817228
380834 915200
236651 151610
2 1
206243 8
28476 2376
3 1
156917 601609
121200 778900
791909 119209
4 3
484794 511931
557402 343030
943353 727444
322706 289580
10 4
68397 669586
171622 266852
711144 64400
119154 384357
774879 59103
513329 89217
369092 124082
173574 263851
65278 701579
63402 722338
9 5
416556 73186
134676 226366
37582 811188
942732 32338
154413 197432
244644 124614
276834 110124
666333 45752
47386 643356
5 3
84629 552290
423421 110386
242141 193027
265520 176031
210584 221953
8 5
3923 317799
3086 319280
19833 95
3400 377157
3745 329506
17242 42
3040 315429
3319 323935
7 4
591192 13079
823977 9384
424473 18216
8323 929016
941688 8211
356454 21692
8568 902451
2 1
874516 87483
341514 224018
9 5
184556 356454
747684 87986
66822 984492
830502 79212
133644 492246
191142 344172
314019 209496
91908 715778
256151 256824
9 2
23742 2269
239767 43
22547 2346
29150 2284
29435 2863
29831 2461
28240 2392
253062 48
27161 2976
9 6
766302 48056
444381 82869
64057 574885
608222 60546
140109 262834
86688 424804
899519 40939
953952 38603
182692 201571
6 2
3395 386946
3702 350957
11171 100
3758 324521
3667 349245
13463 62
9 6
519775 46583
732918 33036
193477 125145
318827 75943
434059 55782
107711 224793
63883 379016
98579 245617
541005 44755
9 4
3214 311711
3250 368847
3838 350632
3031 328762
3021 312967
10343 21
13025 97
3657 316355
3686 370304
8 3
804361 76010
147732 413854
247341 247187
374806 163123
63430 963889
112294 544459
317545 192538
292511 209016
8 5
265897 758850
52059 689810
799810 821541
605724 628038
952242 540182
38529 674844
587866 698160
246779 577013
6 1
170628 861969
687059 215859
625248 278362
340568 234277
105665 1857
585787 504518
2 1
75755 849439
64668 995071
5 2
66356 963784
789897 341989
689396 833612
822050 32163
118054 281759
2 1
22826 2723
294086 25
6 4
928739 606288
156770 389923
899089 592620
255821 840005
738577 541399
694511 654961
10 6
409016 27027
55341 199752
12177 907816
522522 21156
123123 89784
178321 61992
221364 49938
78561 140712
100737 109736
64844 170478
3 1
49476 489016
686916 35222
933000 25932
3 1
3041 366751
3928 389613
18446 48
8 3
3664 337140
15288 60
17612 14
3892 394283
3838 329665
3715 325232
3770 303956
3910 301350
7 4
34188 983754
61992 542531
114552 293601
75702 444276
195693 171864
232716 144522
38184 880803
10 4
41351 669421
163235 169579
949874 29142
150807 183554
290458 95302
459287 60270
94366 293339
412328 67134
664121 41681
534996 51741
2 1
467211 43986
142151 511171
3 2
27227 2851
24331 2254
261724 54
9 5
147231 117304
271502 63612
37107 465432
479864 35991
107844 160146
816354 21156
101308 170478
35948 480438
58652 294462
4 3
757316 20358
157896 97643
27144 567987
64844 237762
6 1
20303 2180
208540 2
27930 2033
299076 90
20534 2467
22411 2964
3 2
3497 388941
3311 327081
19725 30
8 2
965663 85110
435664 188649
298548 275291
358547 229224
298393 275434
504999 162748
85789 958020
151282 543274
6 2
802855 125225
115563 95357
505474 569532
167808 57442
405923 794242
598936 156329
9 6
17168 685575
611299 19254
302585 38898
503312 23385
373424 31519
179297 65645
18341 641729
119193 98747
26374 446271
4 3
26796 171054
745416 6149
5742 798252
48807 93912
8 5
3615 389118
3094 305829
3436 353682
14944 57
3813 367697
3157 318623
16854 78
3664 312361
7 1
266887 765158
722847 193355
524596 130778
356579 902964
979577 250640
214954 840134
642951 739520
10 3
132231 644666
453850 187826
338147 252094
316507 269330
168518 505850
226137 376961
234508 363505
135291 630085
102573 831065
187826 453850
1 1
1 1
10 5
10176 92
3408 316622
3353 337562
3258 359423
14102 89
3888 312615
3674 393177
10346 26
3354 310524
3539 358818
7 4
120582 101308
43989 277704
189544 64449
17556 695826
411768 29667
922374 13244
169708 71982
7 5
256367 167638
423429 343382
396513 905058
855498 743217
599855 565913
364206 621960
355165 617321
9 3
3478 351328
3811 360553
14884 34
3127 385442
3686 395952
3099 332895
12410 42
3600 305544
3054 372863
4 1
185332 888756
708734 349449
893105 238803
720349 694476
6 4
416567 527997
462849 241417
866058 655329
733363 102389
856581 450351
10897 404652
5 2
221363 132457
98416 297930
36331 807054
217986 134509
39910 734680
4 1
230832 46
29333 2904
27798 2666
24984 2158
10 6
185592 44919
439208 18981
227106 36708
201894 41292
14168 588411
340659 24472
88578 94116
487179 17112
32984 252747
13167 633144
4 1
3555 301827
17733 76
3370 309557
3051 332328
6 3
25400 2089
276549 33
25149 2681
25765 2794
22635 2309
299952 19
10 2
228631 4
28209 2303
26027 2623
299936 67
20358 2046
217793 88
20745 2707
26449 2286
24744 2181
23000 2790
8 5
317896 72328
396808 282518
258580 699731
726527 962581
826242 945222
558974 147527
745511 245377
228882 680468
6 3
144793 662502
122476 783220
345137 277935
383586 250076
107327 893770
160760 596701
8 4
84582 374453
164464 192577
44659 709196
108501 291905
119326 265424
650763 48669
701950 45120
107792 293825
7 3
12501 91
3909 380845
3637 352617
3454 349040
3238 336138
15367 23
3998 370317
8 3
3264 340878
3298 363506
3979 326345
3030 324539
11336 6
11267 78
3626 324226
3189 326604
7 4
3257 326666
3665 328801
3389 337102
11845 86
3526 327057
3327 372001
11319 6
2 2
126936 207669
28536 923769
10 4
115068 555231
795084 85322
726098 396474
372739 700156
784485 758562
333774 156113
479349 398497
626349 847109
147975 710650
793445 568428
8 6
3713 395189
3872 383179
3046 360045
3030 388087
17348 55
3427 313269
3775 396081
19917 86
6 4
54264 123453
260623 25704
6732 995106
184212 36366
9367 715176
27434 244188
6 3
774295 113105
18222 101188
170984 296237
821466 254448
171155 431245
734189 730679
8 3
82315 836766
89677 768072
140851 489016
183760 374828
330720 208268
748426 92031
246945 278922
100192 687464
