100
123456789012345678
812734018965100781
988654874542365132
777777777777777771
100007230617657203
748510000341576253
338162378419541532
866666666666661233
35999993211340633
144850763451978368
709566109713333345
812734018965100781
988654874542365132
777777777777777771
100007230617657203
748510000341576253
338162378419541532
866666666666661233
35999993211340633
144850763451978368
709566109713333345
812734018965100781
988654874542365132
777777777777777771
100007230617657203
748510000341576253
338162378419541532
866666666666661233
35999993211340633
144850763451978368
709566109713333345
812734018965100781
988654874542365132
777777777777777771
100007230617657203
748510000341576253
338162378419541532
866666666666661233
35999993211340633
144850763451978368
709566109713333345
812734018965100781
988654874542365132
777777777777777771
100007230617657203
748510000341576253
338162378419541532
866666666666661233
35999993211340633
144850763451978368
709566109713333345
812734018965100781
988654874542365132
777777777777777771
100007230617657203
748510000341576253
338162378419541532
866666666666661233
35999993211340633
144850763451978368
709566109713333345
812734018965100781
988654874542365132
777777777777777771
100007230617657203
748510000341576253
338162378419541532
866666666666661233
35999993211340633
144850763451978368
709566109713333345
812734018965100781
988654874542365132
777777777777777771
100007230617657203
748510000341576253
338162378419541532
866666666666661233
35999993211340633
144850763451978368
709566109713333345
812734018965100781
988654874542365132
777777777777777771
100007230617657203
748510000341576253
338162378419541532
866666666666661233
35999993211340633
144850763451978368
709566109713333345
812734018965100781
988654874542365132
777777777777777771
100007230617657203
748510000341576253
338162378419541532
866666666666661233
35999993211340633
144850763451978368
