100
4000 2000
5000 2000
6000 2000
1000000 1000000
1000000 1000
2000 1000
500000 244000
613000 502000
999000 357000
999000 127000
799000 600000
999000 499000
506000 423000
368000 298000
999000 256000
1000000 2000
612000 532000
999000 998000
3000 2000
505000 409000
500000 2000
999000 511000
728000 559000
999000 2000
937000 710000
500000 248000
999000 255000
360000 278000
943000 716000
999000 502000
500000 127000
485000 456000
780000 667000
782000 668000
500000 256000
500000 116000
1000000 489000
836000 819000
1000000 999000
540000 481000
5000 1000
1000000 498000
1000000 501000
1000000 459000
500000 1000
999000 488000
999000 498000
500000 201000
825000 664000
683000 543000
387000 304000
500000 254000
500000 249000
629000 550000
964000 763000
503000 444000
1000000 511000
500000 250000
1000000 500000
512000 402000
720000 600000
500000 499000
4000 1000
1000 1000
275000 206000
515000 496000
999000 999000
1000000 499000
999000 487000
670000 667000
747000 698000
500000 500000
999000 1000
1000000 128000
1000000 488000
986000 802000
999000 512000
257000 220000
2000 2000
1000000 255000
366000 339000
3000 1000
781000 656000
373000 326000
500000 114000
603000 547000
327000 261000
1000000 512000
500000 117000
1000000 256000
413000 363000
500000 128000
1000000 127000
999000 497000
337000 324000
490000 463000
999000 128000
500000 255000
500000 245000
844000 733000
